---
tmp/images/icon-renew-210941c5.png: 2015-05-17 17:35:21.000000000 -07:00
tmp/images/image-four-32555693.png: 2015-05-17 17:35:22.000000000 -07:00
tmp/images/image-one-f2f3e5f9.png: 2015-05-17 17:35:23.000000000 -07:00
tmp/images/image-three-32555693.png: 2015-05-17 17:35:22.000000000 -07:00
tmp/images/image-two-32555693.png: 2015-05-17 17:35:22.000000000 -07:00
tmp/images/landing-footer-bg-34811949.jpg: 2015-05-17 17:35:24.000000000 -07:00
tmp/images/landing-header-bg-c1928e91.jpg: 2015-05-17 17:35:25.000000000 -07:00
tmp/images/logo-07ae5571.png: 2015-05-17 17:35:23.000000000 -07:00
tmp/images/premium-membership-banner-8926e2f6.jpg: 2015-05-17 17:35:24.000000000 -07:00
tmp/images/thanks-footer-5ff4bfff.jpg: 2015-05-17 17:35:24.000000000 -07:00
tmp/images/video-four-856ce469.png: 2015-05-17 17:35:25.000000000 -07:00
tmp/images/video-one-7bf6d007.png: 2015-05-17 17:35:26.000000000 -07:00
tmp/images/video-three-856ce469.png: 2015-05-17 17:35:26.000000000 -07:00
tmp/images/video-two-856ce469.png: 2015-05-17 17:35:26.000000000 -07:00
