---
build/images/icon-renew.png: 2015-05-26 17:29:30.000000000 -05:00
build/images/image-four.png: 2015-05-26 17:29:31.000000000 -05:00
build/images/image-one.png: 2015-05-26 17:29:32.000000000 -05:00
build/images/image-three.png: 2015-05-26 17:29:31.000000000 -05:00
build/images/image-two.png: 2015-05-26 17:29:31.000000000 -05:00
build/images/landing-footer-bg.jpg: 2015-05-26 17:29:33.000000000 -05:00
build/images/landing-header-bg.jpg: 2015-05-26 17:29:34.000000000 -05:00
build/images/logo.png: 2015-05-26 17:29:32.000000000 -05:00
build/images/premium-membership-banner.jpg: 2015-05-26 17:29:33.000000000 -05:00
build/images/thanks-footer.jpg: 2015-05-26 17:29:33.000000000 -05:00
build/images/video-four.png: 2015-05-26 17:29:34.000000000 -05:00
build/images/video-one.png: 2015-05-26 17:29:35.000000000 -05:00
build/images/video-three.png: 2015-05-26 17:29:34.000000000 -05:00
build/images/video-two.png: 2015-05-26 17:29:35.000000000 -05:00
